log capacityInGiB
0 500
1 50
2 40
3 80
4 500
5 50
6 80
7 500
8 60
9 100
10 80
11 200
12 500
13 200
14 40
15 200
16 200
17 100
18 200
19 60
20 200
21 100
22 200
23 120
24 60
25 200
26 40
27 200
28 200
29 500
30 60
31 200
32 500
33 60
34 200
35 200
36 200
37 500
38 50
39 200
40 500
41 40
42 40
43 200
44 40
45 300
46 60
47 200
48 60
49 40
50 40
51 40
52 500
53 40
54 40
55 40
56 60
57 40
58 500
59 200
60 40
61 200
62 60
63 50
64 40
65 40
66 60
67 200
68 60
69 50
70 200
71 40
72 60
73 40
74 200
75 40
76 60
77 40
78 60
79 300
80 40
81 40
82 20
83 60
84 40
85 80
86 60
87 40
88 60
89 40
90 40
91 60
92 60
93 2000
94 200
95 40
96 460
97 200
98 40
99 160
100 250
101 100
102 40
103 200
104 50
105 100
106 200
107 500
108 40
109 200
110 40
111 200
112 60
113 60
114 100
115 60
116 200
117 40
118 70
119 40
120 40
121 60
122 40
123 60
124 3072
125 60
126 50
127 40
128 60
129 100
130 200
131 60
132 50
133 200
134 40
135 60
136 200
137 40
138 200
139 40
140 1024
141 500
142 40
143 40
144 500
145 200
146 40
147 60
148 40
149 40
150 80
151 50
152 40
153 40
154 60
155 40
156 40
157 60
158 40
159 40
160 60
161 60
162 40
163 50
164 40
165 40
166 200
167 60
168 40
169 200
170 40
171 40
172 40
173 60
174 60
175 300
176 200
177 100
178 500
179 40
180 200
181 60
182 50
183 600
184 500
185 180
186 40
187 200
188 60
189 50
190 128
191 100
192 60
193 60
194 100
195 300
196 40
197 200
198 200
199 50
200 200
201 200
202 100
203 40
204 50
205 50
206 50
207 5000
208 200
209 100
210 100
211 60
212 160
213 200
214 50
215 40
216 40
217 40
218 50
219 120
220 160
221 200
222 100
223 40
224 40
225 500
226 50
227 40
228 40
229 50
230 100
231 200
232 200
233 50
234 100
235 40
236 60
237 60
238 40
239 60
240 40
241 120
242 60
243 40
244 40
245 100
246 40
247 100
248 200
249 50
250 40
251 60
252 40
253 40
254 200
255 100
256 100
257 100
258 50
259 100
260 40
261 100
262 60
263 200
264 60
265 40
266 60
267 50
268 40
269 80
270 40
271 40
272 40
273 100
274 100
275 200
276 100
277 40
278 200
279 40
280 200
281 100
282 100
283 60
284 40
285 20
286 40
287 40
288 100
289 100
290 40
291 40
292 40
293 120
294 50
295 60
296 100
297 40
298 50
299 40
300 40
301 40
302 40
303 200
304 40
305 200
306 50
307 40
308 40
309 50
310 40
311 100
312 500
313 40
314 40
315 120
316 100
317 200
318 100
319 40
320 40
321 40
322 40
323 40
324 100
325 100
326 40
327 50
328 40
329 40
330 500
331 100
332 100
333 40
334 100
335 100
336 60
337 50
338 200
339 100
340 40
341 300
342 100
343 50
344 40
345 200
346 40
347 40
348 40
349 40
350 40
351 40
352 40
353 40
354 60
355 40
356 40
357 20
358 100
359 100
360 200
361 60
362 40
363 100
364 40
365 40
366 40
367 40
368 40
369 2000
370 40
371 200
372 40
373 50
374 100
375 500
376 40
377 40
378 100
379 100
380 20
381 20
382 40
383 40
384 40
385 40
386 50
387 50
388 40
389 50
390 20
391 400
392 50
393 40
394 40
395 100
396 40
397 40
398 40
399 50
400 50
401 100
402 50
403 100
404 40
405 50
406 100
407 100
408 40
409 100
410 20
411 40
412 40
413 40
414 40
415 40
416 50
417 100
418 50
419 40
420 50
421 50
422 40
423 40
424 100
425 40
426 50
427 40
428 100
429 40
430 100
431 100
432 40
433 40
434 60
435 100
436 50
437 40
438 40
439 30
440 40
441 40
442 20
443 40
444 40
445 200
446 60
447 20
448 40
449 100
450 20
451 100
452 20
453 301
454 20
455 40
456 100
457 200
458 40
459 50
460 60
461 40
462 100
463 40
464 20
465 40
466 100
467 40
468 100
469 40
470 320
471 50
472 40
473 50
474 40
475 40
476 300
477 20
478 300
479 40
480 50
481 100
482 40
483 60
484 40
485 40
486 100
487 50
488 20
489 50
490 40
491 50
492 50
493 50
494 50
495 50
496 40
497 40
498 1000
499 50
500 100
501 300
502 40
503 40
504 40
505 20
506 50
507 300
508 50
509 50
510 50
511 100
512 40
513 50
514 40
515 200
516 40
517 40
518 40
519 40
520 20
521 100
522 40
523 40
524 40
525 50
526 40
527 40
528 40
529 40
530 40
531 50
532 40
533 20
534 40
535 40
536 500
537 50
538 200
539 100
540 100
541 40
542 100
543 40
544 50
545 40
546 40
547 100
548 100
549 40
550 20
551 40
552 500
553 40
554 20
555 50
556 50
557 40
558 40
559 40
560 50
561 50
562 40
563 100
564 40
565 40
566 50
567 100
568 50
569 50
570 100
571 40
572 40
573 20
574 40
575 40
576 20
577 500
578 100
579 40
580 40
581 40
582 40
583 100
584 100
585 100
586 50
587 20
588 50
589 200
590 40
591 50
592 40
593 50
594 40
595 50
596 20
597 40
598 40
599 100
600 40
601 50
602 40
603 100
604 40
605 40
606 100
607 20
608 40
609 100
610 40
611 50
612 40
613 50
614 40
615 40
616 50
617 20
618 40
619 50
620 40
621 40
622 80
623 200
624 50
625 100
626 100
627 100
628 100
629 40
630 40
631 250
632 60
633 40
634 50
635 500
636 20
637 40
638 40
639 100
640 50
641 50
642 50
643 50
644 40
645 40
646 200
647 100
648 40
649 50
650 50
651 100
652 40
653 100
654 200
655 40
656 40
657 40
658 50
659 50
660 100
661 250
662 40
663 50
664 40
665 40
666 100
667 20
668 50
669 40
670 100
671 40
672 50
673 40
674 100
675 40
676 40
677 40
678 40
679 40
680 100
681 30
682 20
683 100
684 40
685 20
686 100
687 40
688 40
689 20
690 40
691 50
692 20
693 40
694 40
695 40
696 40
697 40
698 40
699 50
700 40
701 100
702 50
703 100
704 100
705 40
706 50
707 50
708 40
709 40
710 40
711 50
712 50
713 40
714 100
715 200
716 40
717 200
718 100
719 100
720 40
721 100
722 300
723 200
724 200
725 200
726 100
727 500
728 300
729 100
730 200
731 200
732 40
733 200
734 50
735 50
736 200
737 500
738 200
739 50
740 1000
741 40
742 300
743 400
744 200
745 200
746 500
747 100
748 100
749 200
750 100
751 200
752 500
753 100
754 100
755 250
756 300
757 60
758 40
759 200
760 40
761 500
762 40
763 40
764 40
765 40
766 40
767 50
768 40
769 40
770 40
771 1000
772 200
773 40
774 100
775 100
776 100
777 40
778 100
779 40
780 300
781 40
782 55
783 1000
784 500
785 500
786 20
787 50
788 500
789 100
790 100
791 2048
792 250
793 100
794 40
795 40
796 500
797 20
798 1024
799 100
800 100
801 500
802 200
803 200
804 1024
805 500
806 100
807 500
808 200
809 500
810 1024
811 500
812 100
813 20
814 60
815 100
816 100
817 20
818 200
819 400
820 500
821 100
822 100
823 100
824 40
825 1000
826 1000
827 20
828 40
829 40
830 200
831 40
832 100
833 40
834 100
835 100
836 100
837 100
838 40
839 40
840 100
841 40
842 100
843 40
844 100
845 40
846 40
847 40
848 100
849 100
850 100
851 40
852 40
853 100
854 40
855 40
856 40
857 40
858 40
859 100
860 100
861 40
862 40
863 100
864 40
865 40
866 40
867 40
868 100
869 100
870 100
871 100
872 100
873 40
874 100
875 40
876 100
877 100
878 40
879 100
880 40
881 40
882 40
883 100
884 40
885 40
886 40
887 40
888 40
889 40
890 200
891 200
892 100
893 500
894 200
895 40
896 40
897 40
898 40
899 200
900 40
901 40
902 40
903 200
904 40
905 200
906 40
907 40
908 40
909 40
910 40
911 200
912 40
913 200
914 200
915 40
916 40
917 40
918 40
919 40
920 40
921 40
922 40
923 40
924 40
925 40
926 200
927 200
928 200
929 40
930 40
931 40
932 40
933 40
934 40
935 200
936 200
937 40
938 40
939 200
940 40
941 200
942 200
943 40
944 200
945 40
946 40
947 40
948 200
949 40
950 200
951 200
952 200
953 40
954 200
955 200
956 40
957 40
958 200
959 200
960 200
961 200
962 40
963 200
964 200
965 40
966 200
967 40
968 40
969 40
970 200
971 200
972 40
973 200
974 40
975 40
976 40
977 40
978 40
979 100
980 100
981 40
982 200
983 200
984 40
985 40
986 40
987 200
988 40
989 40
990 40
991 40
992 40
993 40
994 40
995 40
996 40
997 40
998 40
999 40
