1058
1063
1069
1073
1082
1084
1089
1092
1099
1108
1117
1121
1125
1134
1143
1148
1152
1160
1161
1162
1163
1164
1170
1175
1182
1191
1194
1199
1201
1205
1214
1219
1223
1228
1236
1243
1252
1261
1268
1273
1282
1286
1293
1296
1304
1306
1308
1316
1317
1326
1335
1342
1344
1351
1360
1362
1368
1371
1380
1383
1387
1394
1400
1407
1413
1415
1417
1418
1421
1430
1434
1437
1438
1441
1449
1458
1465
1468
1475
1479
1487
1488
1497
1498
1505
1510
1516
1525
1533
1540
1548
1552
1557
1566
1571
1576
1581
1586
1591
1599
1604
1609
1612
1621
1625
1627
1628
1632
1633
1639
1646
1655
1659
1662
1666
1670
1675
1679
1682
1688
1690
1695
1699
1706
1707
1708
1717
1722
1727
1730
1733
1740
1746
1753
1755
1757
1765
1774
1780
1784
1791
1796
1799
1802
1811
1817
1826
1830
1834
1839
1841
1844
1847
1849
1851
1855
1859
1863
1867
1873
1874
1876
1879
1882
1885
1891
1894
1897
1900
1904
1911
1915
1923
1924
1933
1935
1939
1943
1952
1956
1961
1968
1976
1981
1985
1994
1999
2003
2009
2016
2017
2024
2030
2034
2035
2044
2052
2055
2060
2063
2065
2067
2075
2079
2087
2092
2100
2109
2115
2124
2127
2136
2138
2145
2154
2157
2165
2174
2177
2186
2195
2197
2199
2207
2212
2216
2219
2224
2228
2230
2235
2238
2245
2252
2255
2257
2263
2265
2266
2275
2276
2284
2286
2294
2303
2308
2313
2315
2322
2327
2328
2333
2337
2339
2347
2354
2356
2357
2362
2363
2371
2372
2376
2377
2386
2390
2399
2408
2416
2425
2430
2434
2438
2444
2447
2454
2458
2467
2469
2473
2478
2482
2489
2495
2499
2508
2511
2514
2520
2525
2534
2536
2545
2554
2559
2561
2568
2576
2583
2586
2594
2596
2598
2605
2610
2617
2620
2627
2636
2637
2641
2644
2647
2653
2659
2666
2672
2678
2685
2687
2688
2690
2691
2693
2697
2703
2706
2707
2712
2716
2720
2727
2732
2737
2744
2745
2754
2758
2760
2761
2767
2771
2773
2777
2786
2792
2801
2809
2816
2823
2827
2830
2839
2840
2845
2846
2853
2855
2861
2863
2865
2871
2873
2877
2878
2887
2892
2893
2902
2911
2919
2925
2929
2931
2932
2937
2946
2954
2956
2960
2965
2974
2976
2982
2990
2995
3003
3004
3005
3011
3015
3021
3024
3027
3035
3036
3039
3048
3053
3060
3069
3075
3077
3083
3084
3091
3097
3104
3109
3113
3122
3124
3128
3135
3142
3145
3154
3161
3162
3167
3171
3180
3185
3189
3192
3196
3200
3204
3210
3218
3223
3229
3238
3240
3246
3247
3254
3261
3265
3268
3276
3284
3286
3291
3294
3300
3304
3308
3310
3317
3322
3324
3330
3338
3342
3351
3353
3360
3365
3367
3371
3378
3385
3389
3397
3404
3410
3418
3426
3434
3443
3444
3449
3457
3466
3475
3484
3493
3495
3499
3508
3509
3512
3520
3521
3525
3526
3535
3542
3548
3557
3561
3566
3571
3580
3583
3584
3590
3596
3600
3603
3607
3613
3616
3618
3622
3626
3633
3635
3636
3641
3642
3647
3656
3662
3671
3678
3681
3690
3699
3708
3714
3723
3728
3736
3739
3747
3754
3762
3766
3768
3769
3770
3772
3774
3776
3784
3790
3799
3801
3806
3809
3810
3817
3825
3834
3837
3841
3847
3850
3855
3858
3863
3865
3869
3874
3879
3886
3887
3894
3897
3900
3906
3911
3913
3915
3923
3925
3932
3933
3937
3944
3953
3961
3963
3964
3971
3980
3986
3994
4000
4008
4010
4011
4014
4019
4027
4033
4041
4046
4049
4052
4058
4064
4072
4075
4083
4091
4100
4105
4108
4111
4116
4124
4131
4139
4145
4151
4158
4162
4170
4176
4178
4183
4191
4199
4200
4205
4206
4211
4218
4226
4235
4241
4246
4253
4262
4268
4269
4271
4276
4278
4279
4282
4284
4285
4286
4287
4296
4304
4309
4310
4316
4323
4332
4335
4339
4344
4350
4356
4361
4370
4373
4377
4382
4385
4393
4399
4402
4404
4413
4419
4422
4424
4431
4432
4434
4437
4445
4453
4462
4467
4475
4483
4484
4485
4487
4496
4501
4503
4507
4514
4521
4523
4532
4537
4545
4546
4550
4554
4557
4566
4573
4579
4586
4587
4589
4597
4600
4607
4609
4613
4619
4620
4622
4625
4633
4636
4642
4650
4651
4659
4663
4672
4675
4679
4688
4689
4693
4699
4704
4712
4713
4716
4723
4724
4733
4735
4739
4741
4747
4751
4760
4769
4775
4778
4786
4794
4801
4805
4811
4818
4821
4828
4830
4833
4836
4838
4845
4851
4858
4862
4870
4871
4879
4882
4883
4892
4900
4908
4915
4919
4927
4929
4937
4940
4941
4949
4956
4964
4965
4971
4980
4986
4994
4998
5002
5009
5018
5020
5029
5034
5039
5046
5047
5048
5054
5060
5061
5066
5071
5075
5080
5083
5085
5094
5099
5106
5110
5115
5116
5117
5118
5127
5130
5139
5140
5147
5150
5155
5162
5170
5172
5178
5182
5191
5200
5206
5213
5214
5221
5229
5238
5242
5250
5252
5253
5262
5263
5268
5274
5276
5284
5293
5296
5301
5310
5316
5318
5325
5326
5329
5334
5335
5338
5346
5351
5359
5361
5369
5372
5374
5382
5387
5388
5390
5393
5396
5398
5402
5410
5413
5422
5427
5429
5430
5431
5432
5441
5442
5449
5457
5458
5464
5470
5472
5473
5480
5481
5490
5494
5501
5506
5509
5510
5512
5513
5516
5519
5524
5526
5531
5536
5543
5552
5560
5565
5570
5578
5585
5589
5592
5600
5606
5615
5623
5628
5631
5632
5641
5646
5647
5652
5659
5664
5673
5682
5685
5690
5695
5702
5709
5710
5719
5725
5732
5735
5742
5747
5753
5756
5764
5771
5777
5778
5783
5788
5793
5794
5800
5806
5808
5814
5823
5831
5836
5840
5842
5851
5853
5857
5858
5867
5875
5883
5884
5893
5901
5904
5908
5911
5913
5920
5927
5931
5933
5936
5943
5951
5952
5957
5963
5968
5971
5975
5979
5985
5993
6002
6005
6006
6008
6013
6014
6018
6025
6032
6033
6040
6048
6057
6063
6065
6068
6076
6077
6082
6083
6090
6099
6102
6107
6108
6111
6118
6127
6132
6137
6142
6151
6158
6164
6171
6175
6181
6182
6190
6197
6205
6209
6215
6222
6229
6233
6234
6237
6239
6246
6247
6254
6261
6269
6270
6275
6277
6279
6285
6291
6295
6297
6303
6305
6306
6307
6313
6321
6323
6327
6334
6342
6343
6350
6357
6359
6362
6370
6371
6378
6383
6390
6394
6402
6408
6410
6416
6420
6429
6434
6439
6448
6449
6452
6457
6458
6459
6467
6474
6483
6485
6491
6497
6499
6504
6510
6511
6517
6524
6525
6527
6528
6529
6535
6543
6547
6550
6554
6558
6565
6567
6572
6575
6577
6578
6579
6581
6582
6591
6598
6607
6616
6624
6627
6630
6631
6637
6639
6644
6651
6656
6661
6669
6672
6676
6678
6679
6687
6689
6696
6700
6709
6714
6717
6720
6725
6731
6738
6740
6743
6751
6753
6758
6764
6768
6774
6781
6788
6789
6795
6798
6806
6814
6822
6823
6831
6834
6835
6841
6846
6851
6859
6865
6872
6879
6883
6892
6900
6908
6911
6913
6918
6923
6930
6933
6934
6937
6940
6947
6951
6957
6962
6965
6971
6976
6980
6988
6994
6995
6997
7000
7006
7015
7022
7027
7028
7029
7038
7044
7046
7047
7052
7057
7064
7072
7074
7082
7086
7095
7101
7109
7116
7125
7127
7131
7138
7140
7149
7151
7152
7160
7169
7177
7183
7186
7192
7194
7196
7201
7207
7214
7215
7224
7232
7239
7243
7246
7250
7255
7258
7262
7267
7275
7279
7282
7284
7287
7290
7299
7305
7309
7312
7314
7315
7321
7327
7336
7338
7347
7355
7361
7367
7368
7369
7378
7381
7387
7390
7396
7400
7406
7409
7414
7417
7422
7429
7432
7436
7440
7444
7449
7454
7463
7464
7471
7478
7482
7487
7496
7498
7503
7509
7510
7519
7528
7535
7543
7544
7552
7555
7559
7563
7568
7569
7574
7576
7579
7584
7590
7594
7596
7600
7602
7606
7611
7615
7618
7625
7629
7633
7636
7645
7654
7658
7664
7673
7675
7677
7683
7690
7695
7696
7702
7709
7713
7717
7721
7726
7732
7739
7741
7743
7750
7758
7763
7765
7773
7775
7779
7782
7784
7792
7795
7802
7807
7814
7820
7828
7836
7841
7842
7847
7854
7859
7867
7875
7882
7883
7889
7894
7898
7904
7909
7913
7915
7916
7922
7924
7931
7937
7943
7952
7956
7962
7964
7966
7969
7970
7979
7987
7992
7994
7997
8000
8006
8011
8018
8021
8025
8029
8036
8038
8039
8043
8046
8053
8056
8059
8061
8063
8065
8069
8077
8078
8086
8087
8096
8102
8111
8114
8118
8119
8128
8135
8139
8147
8150
8152
8154
8155
8163
8169
8173
8178
8187
8192
8198
8202
8209
8216
8222
8224
8227
8229
8238
8247
8253
8256
8258
8260
8269
8278
8280
8281
8287
8294
8295
8299
8306
8308
8314
8319
8324
8327
8331
8338
8347
8353
8361
8363
8371
8380
8381
8388
8390
8393
8396
8402
8411
8413
8417
8419
8420
8423
8425
8433
8442
8448
8450
8456
8462
8468
8471
8478
8486
8494
8498
8507
8508
8513
8516
8519
8523
8526
8528
8530
8538
8546
8554
8557
8564
8566
8575
8579
8581
8584
8587
8593
8597
8600
8605
8608
8610
8618
8623
8629
8631
8638
8639
8648
8655
8659
8665
8673
8680
8689
8691
8699
8704
8706
8709
8714
8722
8729
8733
8735
8742
8747
8749
8757
8761
8768
8776
8779
8787
8796
8804
8807
8809
8813
8822
8825
8829
8833
8834
8835
8840
8844
8851
8852
8858
8861
8867
8872
8876
8877
8885
8893
8901
8905
8906
8912
8920
8927
8932
8933
8937
8941
8942
8949
8956
8957
8964
8970
8974
8981
8989
8996
9002
9006
9008
9011
9018
9024
9033
9040
9046
9049
9056
9063
9072
9075
9083
9090
9099
9102
9107
9112
9118
9122
9127
9133
9141
9149
9157
9161
9166
9171
9177
9180
9189
9190
9193
9194
9202
9210
9214
9220
9227
9231
9237
9240
9249
9253
9262
9271
9272
9278
9281
9289
9296
9302
9310
9312
9313
9319
9324
9327
9328
9336
9345
9353
9356
9358
9365
9366
9372
9378
9385
9388
9391
9397
9402
9408
9413
9419
9422
9426
9432
9437
9440
9441
9448
9453
9462
9466
9468
9476
9482
9485
9486
9495
9499
9502
9506
9512
9514
9519
9525
9533
9539
9544
9551
9556
9563
9567
9569
9578
9581
9589
9596
9599
9604
9611
9612
9615
9624
9625
9630
9632
9634
9639
9642
9648
9655
9661
9663
9664
9673
9675
9678
9683
9690
9698
9705
9710
9715
9717
9722
9724
9726
9732
9738
9745
9748
9754
9763
9764
9768
9776
9781
9783
9790
9798
9799
9803
9804
9806
9810
9819
9828
9834
9841
9850
9851
9854
9855
9863
9871
9875
9883
9884
9891
9898
9904
9905
9906
9915
9918
9925
9933
9937
9945
9951
9959
9968
9969
9975
9980
9988
9995
9997
10000
10001
10004
10007
10011
10012
10021
10022
10029
10031
10039
10044
10048
10053
10062
10069
10074
10079
10086
10095
10100
10108
10116
10119
10120
10124
10127
10134
10143
10149
10156
10163
10171
10176
10184
10192
10197
10198
10203
10208
10213
10216
10217
10226
10228
10231
10236
10244
10252
10259
10264
10266
10268
10274
10276
10280
10286
10292
10293
10295
10303
10312
10320
10327
10336
10339
10342
10348
10356
10359
10364
10365
10368
10370
10372
10375
10380
10387
10393
10394
10399
10403
10409
10415
10424
10429
10436
10443
10446
10452
10455
10463
10467
10476
10483
10492
10496
10499
10505
10512
10521
10525
10532
10533
10534
10539
10545
10553
10560
10564
10568
10575
10580
10582
10587
10592
10596
10602
10611
10620
10628
10633
10635
10642
10650
10656
10664
10668
10675
10676
10684
10689
10698
10699
10703
10710
10716
10724
10728
10730
10734
10742
10747
10752
10755
10757
10760
10763
10767
10769
10776
10783
10790
10791
10799
10807
10814
10820
10825
10827
10829
10831
10836
10844
10851
10857
10858
10860
10866
10870
10879
10883
10890
10893
10897
10905
10910
10916
10918
10921
10927
10935
10944
10947
10949
10952
10957
10961
10964
10971
10976
10982
10986
10992
10995
10996
10999
11006
11007
11013
11022
11025
11027
11029
11032
11034
11037
11038
11046
11048
11054
11057
11062
11069
11074
11077
11081
11082
11090
11097
11102
11108
11111
11120
11122
11131
11135
11139
11147
11156
11159
11161
11163
11169
11172
11179
11185
11192
11200
11207
11213
11220
11229
11234
11237
11246
11248
11249
11255
11257
11261
11268
11275
11284
11287
11294
11295
11301
11307
11314
11318
11321
11326
11329
11334
11336
11345
11354
11362
11368
11372
11375
11383
11389
11394
11401
11409
11412
11417
11424
11426
11429
11436
11439
11441
11450
11458
11467
11469
11477
11480
11484
11487
11488
11494
11500
11501
11502
11507
11509
11514
11518
11524
11529
11537
11541
11549
11556
11561
11569
11576
11577
11579
11587
11589
11590
11598
11605
11609
11615
11619
11622
11627
11633
11634
11641
11644
11648
11656
11663
11665
11669
11673
11680
11686
11687
11694
11703
11710
11713
11714
11715
11716
11717
11724
11728
11730
11733
11740
11747
11753
11761
11767
11771
11775
11778
11784
11786
11790
11791
11796
11805
11806
11813
11822
11830
11839
11841
11846
11847
11853
11858
11867
11873
11877
11882
11885
11887
11895
11904
11906
11915
11924
11930
11933
11937
11945
11954
11961
11968
11972
11974
11977
11982
11984
11988
11991
11998
12006
12009
12012
12015
12019
12022
12026
12034
12043
12052
12058
12060
12069
12074
12075
12080
12085
12090
12093
12099
12100
12103
12106
12114
12123
12132
12141
12142
12149
12157
12165
12167
12174
12181
12186
12194
12197
12200
12208
12215
12217
12226
12232
12238
12242
12248
12257
12263
12264
12271
12273
12277
12281
12287
12293
12296
12300
12309
12311
12313
12316
12323
12331
12337
12341
12343
12346
12351
12358
12360
12365
12374
12375
12384
12390
12393
12402
12411
12412
12416
12422
12430
12437
12444
12447
12455
12461
12466
12474
12481
12485
12488
12495
12500
12502
12507
12514
12518
12519
12525
12533
12538
12543
12548
12557
12566
12568
12576
12581
12588
12594
12599
12600
12603
12611
12612
12613
12619
12621
12623
12630
12637
12645
12651
12654
12662
12670
12674
12683
12690
12694
12695
12696
12700
12704
12707
12708
12709
12710
12715
12723
12726
12734
12740
12745
12746
12753
12754
12760
12762
12765
12768
12771
12778
12781
12783
12785
12792
12796
12799
12802
12803
12804
12806
12811
12812
12820
12823
12825
12833
12838
12842
12851
12852
12861
12869
12872
12875
12883
12890
12899
12908
12916
12919
12926
12931
12939
12945
12954
12956
12963
12964
12972
12973
12976
12982
12985
12994
12999
13007
13011
13016
13021
13024
13033
13039
13046
13052
13054
13057
13061
13068
13069
13071
13072
13076
13080
13084
13093
13095
13102
13108
13112
13113
13122
13126
13132
13133
13138
13139
13141
13142
13146
13147
13153
13155
13164
13167
13168
13175
13183
13189
13192
13198
13201
13203
13204
13212
13217
13223
13230
13236
13244
13253
13262
13265
13270
13279
13286
13294
13299
13300
13308
13312
13313
13319
13328
13332
13333
13334
13343
13349
13354
13361
13367
13368
13371
13377
13379
13386
13391
13392
13401
13403
13411
13414
13422
13429
13433
13435
13439
13444
13448
13455
13461
13464
13467
13476
13482
13487
13492
13494
13495
13503
13505
13513
13518
13524
13526
13528
13537
13544
13546
13548
13552
13557
13564
13569
13571
13573
13578
13580
13586
13594
13595
13604
13608
13617
13620
13626
13635
13638
13645
13646
13649
13653
13656
13657
13662
13671
13675
13684
13690
13694
13698
13699
13702
13706
13709
13710
13711
13720
13723
13731
13739
13746
13750
13755
13764
13767
13774
13782
13786
13789
13795
13803
13811
13816
13820
13829
13837
13840
13844
13851
13858
13859
13868
13877
13886
13893
13902
13908
13912
13921
13927
13931
13940
13945
13948
13952
13956
13958
13959
13966
13975
13980
13981
13985
13987
13996
13998
14002
14008
14009
14012
14018
14026
14030
14038
14041
14046
14050
14051
14060
14067
14072
14081
14082
14083
14087
14093
14099
14101
14105
14109
14114
14121
14123
14131
14140
14149
14158
14167
14171
14174
14182
14186
14195
14196
14201
14207
14212
14220
14223
14229
14230
14233
14234
14239
14242
14248
14249
14254
14261
14268
14276
14283
14284
14291
14295
14300
14307
14310
14311
14312
14321
14330
14337
14341
14346
14353
14362
14366
14372
14376
14383
14392
14401
14405
14407
14415
14420
14422
14429
14437
14443
14445
14447
14456
14460
14467
14470
14472
14479
14485
14490
14496
14505
14511
14517
14524
14526
14530
14533
14542
14549
14550
14555
14564
14566
14573
14578
14579
14582
14585
14591
14596
14598
14602
14610
14611
14612
14613
14621
14629
14637
14644
14652
14659
14665
14666
14668
14677
14684
14688
14697
14701
14703
14707
14714
14722
14731
14737
14743
14748
14753
14762
14765
14769
14774
14781
14790
14795
14801
14808
14816
14824
14833
14839
14843
14851
14853
14857
14863
14867
14871
14873
14876
14879
14887
14895
14903
14904
14908
14913
14918
14922
14931
14939
14943
14949
14956
14963
14969
14976
14982
14991
14999
15003
15007
15012
15014
15019
15027
15036
15038
15044
15045
15046
15050
15057
15063
15070
15079
15082
15083
15091
15100
15109
15117
15123
15126
15133
15138
15146
15154
15162
15169
15175
15177
15187
15194
15199
15203
15205
15208
15216
15224
15229
15236
15239
15247
15254
15257
15266
15273
15279
15284
15289
15291
15293
15298
15307
15315
15320
15325
15326
15331
15335
15339
15348
15352
15353
15356
15357
15358
15365
15370
15372
15379
15381
15389
15390
15397
15399
15407
15414
15415
15418
15419
15420
15421
15429
15431
15434
15438
15447
15455
15456
15458
15459
15462
15466
15475
15477
15478
15481
15484
15485
15491
15496
15504
15505
15512
15520
15529
15538
15542
15549
15550
15559
15563
15565
15572
15575
15581
15588
15592
15593
15601
15609
15615
15621
15626
15627
15635
15639
15640
15641
15646
15651
15653
15658
15665
15674
15678
15684
15686
15692
15701
15702
15705
15713
15716
15724
15725
15727
15733
15735
15739
15746
15751
15754
15762
15765
15766
15769
15776
15783
15791
15798
15800
15804
15812
15815
15819
15828
15833
15835
15844
15852
15861
15864
15865
15867
15876
15880
15885
15888
15895
15896
15902
15910
15915
15921
15926
15935
15939
15946
15948
15957
15963
15968
15970
15972
15980
15985
15992
16001
16003
16009
16017
16023
16032
16033
16035
16038
16040
16041
16043
16049
16056
16065
16066
16070
16072
16077
16081
16082
16083
16090
16093
16095
16096
16105
16109
16116
16122
16131
16132
16139
16141
16150
16153
16160
16169
16177
16181
16190
16198
16206
16214
16219
16221
16223
16230
16239
16247
16251
16254
16258
16263
16269
16275
16284
16287
16294
16295
16304
16311
16320
16328
16337
16341
16350
16352
16357
16361
16370
16376
16379
16382
16383
16387
16396
16404
16411
16417
16421
16426
16428
16430
16433
16441
16443
16444
16448
16450
16452
16458
16463
16470
16477
16482
16489
16495
16497
16503
16508
16517
16526
16530
16533
16540
16541
16546
16551
16557
16558
16566
16570
16571
16577
16579
16587
16594
16601
16606
16608
16613
16618
16625
16632
16639
16642
16644
16652
16655
16664
16671
16672
16678
16684
16688
16692
16699
16706
16710
16711
16715
16723
16729
16737
16739
16742
16751
16752
16754
16757
16763
16764
16768
16775
16779
16788
16797
16804
16809
16810
16812
16816
16820
16825
16828
16837
16839
16846
16849
16850
16855
16863
16864
16868
16874
16878
16880
16889
16897
16903
16909
16912
16918
16919
16920
16921
16923
16927
16935
16944
16946
16952
16954
16957
16964
16973
16975
16977
16983
16991
16999
17002
17007
17009
17010
17013
17014
17018
17026
17035
17038
17044
17052
17060
17061
17070
17073
17081
17082
17085
17094
17102
17111
17112
17114
17115
17124
17132
17141
17143
17145
17149
17154
17160
17169
17173
17179
17183
17184
17191
17194
17202
17209
17212
17220
17226
17227
17229
17236
17243
17247
17253
17261
17268
17269
17273
17282
17286
17293
17295
17296
17301
17304
17308
17315
17317
17326
17332
17339
17348
17352
17358
17367
17373
17382
17385
17389
17393
17402
17408
17412
17421
17428
17432
17435
17444
17452
17460
17463
17465
17470
17474
17482
17489
17495
17504
17507
17513
17519
17524
17525
17531
17533
17541
17544
17546
17553
17558
17559
17567
17570
17571
17573
17579
17585
17593
17601
17604
17606
17615
17620
17624
17629
17638
17644
17645
17649
17657
17665
17668
17671
17675
17676
17680
17681
17689
17692
17697
17705
17709
17716
17722
17723
17731
17740
17742
17743
17750
17755
17757
17764
17771
17776
17781
17785
17792
17793
17795
17798
17804
17806
17810
17813
17818
17822
17824
17829
17830
17835
17837
17843
17852
17859
17860
17867
17873
17878
17879
17882
17885
17887
17891
17894
17897
17902
17906
17910
17912
17915
17924
17932
17940
17945
17954
17958
17963
17972
17974
17981
17983
17988
17991
17998
18004
18013
18018
18027
18029
18031
18038
18047
18052
18055
18060
18063
18072
18077
18083
18089
18094
18101
18108
18112
18121
18128
18133
18141
18144
18147
18153
18157
18158
18167
18168
18172
18180
18188
18195
18199
18204
18211
18212
18215
18220
18227
18228
18237
18242
18245
18246
18254
18261
18265
18274
18279
18283
18292
18297
18301
18304
18312
18318
18324
18328
18331
18339
18342
18347
18348
18357
18364
18369
18374
18377
18385
18393
18399
18408
18416
18417
18421
18427
18435
18443
18444
18447
18453
18461
18462
18464
18473
18476
18485
18493
18495
18497
18505
18514
18522
18530
18532
18539
18548
18557
18560
18565
18572
18581
18588
18593
18599
18605
18610
18617
18623
18627
18633
18638
18639
18644
18646
18654
18655
18667
18671
18678
18682
18686
18695
18699
18700
18702
18711
18712
18715
18717
18721
18722
18727
18735
18743
18748
18757
18765
18770
18776
18781
18789
18797
18801
18803
18807
18808
18810
18819
18820
18822
18826
18832
18840
18849
18851
18859
18862
18865
18868
18875
18883
18887
18893
18897
18899
18905
18907
18912
18926
18927
18932
18940
18945
18951
18960
18961
18970
18971
18974
18981
18984
18986
18992
18999
19004
19010
19018
19027
19028
19032
19036
19045
19048
19050
19056
19059
19063
19067
19068
19076
19082
19088
19091
19100
19105
19106
19107
19113
19114
19120
19129
19138
19140
19143
19152
19153
19157
19158
19166
19175
19184
19189
19194
19202
19206
19210
19211
19214
19219
19220
19225
19232
19240
19249
19257
19260
19265
19268
19271
19279
19286
19288
19295
19302
19304
19309
19311
19317
19324
19325
19326
19333
19342
19345
19353
19359
19361
19370
19376
19381
19388
19390
19391
19396
19400
19406
19410
19416
19419
19422
19424
19430
19434
19439
19446
19452
19455
19461
19466
19473
19474
19480
19486
19490
19498
19502
19508
19516
19522
19529
19538
19544
19553
19562
19571
19574
19582
19585
19586
19593
19594
19596
19597
19599
19602
19611
19618
19623
19631
19640
19645
19648
19653
19662
19669
19677
19685
19693
19702
19708
19716
19718
19722
19728
19731
19734
19743
19750
19759
19763
19771
19775
19776
19779
19784
19791
19792
19793
19799
19804
19807
19814
19823
19827
19834
19840
19841
19846
19850
19858
19864
19873
19879
19886
19895
19900
19903
19909
19918
19922
19926
19932
19936
19945
19952
19958
19963
19965
19968
19970
19975
19980
19985
19990
19992
19998
20004
20010
20012
20015
20024
20030
20034
20042
20043
20052
20056
20058
20060
20061
20067
20071
20080
20082
20089
20095
20101
20106
20113
20115
20124
20128
20132
20141
20147
20156
20157
20165
20172
20181
20187
20193
20196
20199
20203
20209
20213
20215
20224
20226
20235
20240
20246
20249
20252
20257
20259
20268
20276
20285
20287
20291
20292
20294
20299
20300
20302
20310
20314
20316
20320
20326
20335
20340
20347
20351
20360
20365
20370
20378
20385
20394
20396
20398
20400
20405
20414
20419
20428
20435
20443
20451
20456
20462
20464
20465
20473
20481
20489
20496
20498
20505
20509
20515
20519
20526
20529
20532
20539
20540
20547
20550
20552
20553
20558
20562
20568
20569
20571
20575
20584
20591
20597
20600
20605
20611
20619
20627
20628
20635
20637
20644
20646
20647
20656
20660
20664
20666
20670
20671
20675
20681
20689
20693
20699
20704
20705
20710
20711
20717
20726
20731
20739
20747
20751
20760
20768
20776
20783
20791
20800
20808
20812
20815
20817
20823
20832
20838
20840
20847
20856
20859
20861
20868
20870
20879
20887
20889
20893
20898
20901
20906
20912
20915
20923
20930
20932
20941
20944
20951
20954
20957
20964
20969
20972
20974
20976
20979
20980
20985
20991
20996
21003
21007
21009
21012
21019
21025
21031
21040
21042
21047
21054
21062
21070
21078
21083
21084
21091
21096
21103
21108
21111
21118
21121
21124
21126
21129
21138
21145
21152
21153
21159
21163
21164
21168
21176
21183
21190
21191
21193
21194
21198
21204
21209
21217
21224
21233
21235
21242
21247
21256
21263
21269
21276
21277
21281
21290
21298
21300
21306
21311
21315
21322
21331
21332
21333
21341
21346
21349
21352
21361
21369
21371
21380
21387
21390
21398
21399
21407
21411
21413
21415
21421
21422
21427
21436
21442
21445
21452
21459
21462
21469
21472
21481
21482
21488
21492
21494
21498
21504
21505
21507
21516
21523
21525
21532
21533
21541
21544
21551
21558
21564
21569
21572
21580
21582
21590
21592
21597
21598
21607
21615
21624
21630
21633
21640
21647
21653
21654
21658
21661
21666
21668
21670
21677
21686
21691
21698
21699
21705
21711
21716
21720
21724
21733
21742
21743
21750
21759
21765
21766
21770
21771
21775
21778
21784
21792
21795
21798
21803
21805
21812
21814
21817
21825
21829
21837
21843
21851
21854
21858
21859
21864
21872
21881
21886
21893
21896
21898
21905
21908
21909
21914
21918
21924
21931
21938
21940
21942
21945
21949
21955
21964
21970
21974
21977
21979
21981
21982
21984
21993
21998
22004
22008
22017
22022
22024
22029
22033
22035
22037
22039
22041
22043
22050
22054
22063
22064
22072
22074
22080
22081
22082
22088
22091
22092
22093
22095
22098
22106
22114
22120
22128
22133
22137
22139
22144
22150
22157
22158
22164
22165
22167
22173
22174
22175
22183
22187
22194
22201
22209
22213
22218
22222
22228
22235
22242
22249
22257
22262
22271
22274
22275
22278
22280
22284
22290
22296
22303
22306
22313
22319
22327
22331
22336
22344
22353
22358
22364
22373
22382
22386
22388
22392
22395
22404
22408
22410
22419
22425
22428
22436
22437
22442
22451
22455
22458
22464
22465
22468
22475
22481
22486
22488
22495
22501
22503
22505
22509
22516
22521
22524
22533
22534
22536
22545
22547
22552
22553
22555
22556
22559
22564
22570
22578
22581
22583
22587
22588
22596
22597
22601
22607
22616
22620
22628
22632
22639
22645
22649
22657
22666
22672
22680
22688
22696
22704
22709
22715
22717
22724
22731
22734
22736
22739
22740
22747
22749
22752
22761
22762
22766
22770
22778
22782
22789
22798
22806
22815
22822
22826
22828
22831
22839
22846
22852
22855
22864
22869
22874
22882
22886
22890
22897
22905
22908
22912
22916
22923
22925
22930
22939
22948
22956
22960
22964
22972
22973
22982
22989
22992
22998
23007
23014
23016
23019
23026
23030
23036
23037
23040
23047
23053
23057
23061
23068
23074
23078
23087
23096
23100
23102
23104
23107
23109
23111
23119
23128
23130
23135
23140
23147
23155
23164
23173
23181
23186
23190
23195
23202
23204
23209
23214
23215
23218
23219
23222
23230
23239
23247
23254
23257
23260
23264
23266
23272
23274
23279
23283
23286
23287
23296
23299
23302
23307
23315
23319
23320
23322
23324
23325
23327
23335
23336
23337
23340
23349
23351
23354
23360
23368
23374
23383
23386
23390
23391
23398
23399
23405
23409
23412
23418
23419
23420
23421
23426
23429
23434
23435
23443
23449
23455
23464
23469
23478
23479
23482
23488
23491
23497
23501
23509
23515
23519
23521
23524
23525
23530
23539
23544
23549
23553
23561
23563
23564
23573
23577
23583
23588
23595
23596
23603
23605
23611
23617
23623
23630
23633
23634
23638
23642
23646
23650
23654
23659
23663
23672
23681
23687
23689
23692
23695
23698
23707
23716
23723
23724
23730
23734
23735
23740
23745
23754
23755
23760
23767
23772
23781
23790
23794
23797
23806
23810
23816
23819
23828
23831
23834
23842
23846
23855
23858
23867
23871
23872
23875
23884
23893
23894
23900
23902
23905
23908
23914
23916
23925
23930
23933
23937
23944
23952
23960
23961
23970
23974
23980
23987
23992
23993
24002
24003
24010
24014
24021
24029
24038
24043
24047
24050
24055
24062
24064
24073
24074
24076
24079
24087
24090
24095
24099
24101
24105
24111
24114
24116
24120
24128
24137
24143
24152
24157
24158
24161
24170
24173
24176
24177
24183
24190
24191
24198
24205
24208
24209
24212
24220
24223
24230
24232
24239
24245
24246
24247
24254
24259
24260
24267
24272
24273
24276
24279
24283
24287
24294
24298
24307
24315
24323
24332
24337
24339
24348
24355
24363
24368
24371
24379
24384
24392
24398
24399
24407
24408
24414
24418
24422
24427
24428
24429
24434
24441
24446
24451
24454
24460
24461
24466
24474
24481
24485
24494
24497
24500
24501
24510
24514
24517
24525
24529
24531
24540
24549
24553
24556
24564
24565
24572
24580
24584
24590
24596
24598
24607
24611
24615
24623
24625
24633
24642
24651
24659
24663
24666
24672
24675
24684
24692
24698
24702
24708
24716
24725
24732
24735
24738
24742
24751
24752
24759
24760
24762
24770
24771
24778
24779
24780
24782
24790
24792
24800
24807
24812
24819
24820
24826
24832
24841
24844
24849
24855
24858
24860
24869
24870
24877
24879
24885
24890
24892
24900
24903
24910
24914
24921
24922
24928
24936
24938
24945
24948
24949
24951
24955
24961
24962
24963
24965
24971
24979
24986
24992
24999
25006
25009
25013
25017
25020
25023
25024
25025
25032
25035
25040
25043
25050
25053
25058
25070
25073
25076
25077
25080
25085
25092
25096
25099
25100
25103
25112
25115
25121
25122
25128
25132
25136
25141
25143
25149
25155
25161
25167
25173
25177
25183
25187
25189
25192
25198
25201
25204
25211
25215
25216
25225
25226
25235
25243
25246
25253
25258
25263
25265
25269
25275
25284
25292
25294
25302
25307
25316
25324
25326
25327
25330
25331
25339
25343
25346
25352
25361
25363
25370
25375
25379
25386
25387
25394
25402
25411
25415
25420
25423
25428
25432
25434
25439
25447
25450
25452
25460
25467
25476
25480
25481
25488
25489
25494
25497
25499
25500
25505
25511
25518
25519
25527
25533
25534
25539
25542
25548
25550
25556
25561
25563
25569
25578
25585
25594
25599
25608
25616
25621
25630
25639
25640
25641
25650
25653
25656
25663
25669
25678
25679
25683
25684
25691
25697
25702
25703
25709
25715
25719
25728
25737
25745
25752
25758
25764
25771
25775
25782
25788
25789
25790
25793
25798
25800
25801
25809
25815
25820
25829
25834
25840
25849
25851
25860
25863
25864
25869
25878
25884
25893
25895
25896
25904
25905
25907
25908
25909
25916
25917
25923
25932
25933
25936
25944
25953
25954
25955
25959
25962
25968
25974
25983
25984
25992
26001
26003
26004
26011
26013
26018
26021
26030
26039
26045
26051
26060
26065
26068
26074
